1
1
102
1
-21
0
127
1
-26
0
-110
1
-45
0
-84
1
-58
0
-39
1
-52
0
18
2
-52
0
69
2
-39
0
-117
2
-39
0
-3
2
25
1
-66
3
-91
1
125
4
56
2
-112
5
80
3
-25
6
9
5
123
8
84
7
-72
10
-7
10
-117
13
-43
15
33
16
-9
20
64
18
34
25
82
19
46
27
-26
19
35
30
-32
19
50
31
76
17
-73
29
-80
13
-115
26
-114
8
-39
18
-46
-1
81
4
-50
-9
-106
-5
17
-6
-110
1
-119
-4
89
7
-35
-8
-44
7
-96
-9
57
11
-20
-8
121
11
-59
-7
120
-1
-105
-7
10
-14
-50
-11
41
-23
-108
-13
-61
-22
-52
-8
-37
-21
57
-6
122
-28
-119
-14
-3
-35
-55
-23
-49
-40
53
-23
29
-49
-102
-27
-87
-69
-91
-35
118
-70
-42
-33
81
-50
-62
-20
110
-32
113
-6
63
-25
-35
2
22
-14
-54
12
-89
-9
-83
17
-66
-17
103
7
-73
-25
67
-5
68
-16
-66
-7
-91
-6
38
0
20
-3
-55
6
119
-4
-56
6
10
-8
-43
7
-26
-10
6
10
106
-5
109
6
-53
2
38
3
-14
9
93
2
-108
18
-20
2
94
20
-111
3
50
11
-81
3
-70
-1
-28
3
-41
-5
-15
1
71
-2
-57
-1
33
-1
-112
-5
89
0
-103
-10
-19
-1
88
-15
-48
-7
104
-21
33
-17
23
-24
-4
-23
106
-23
60
-14
-67
-14
52
-1
112
-5
34
7
117
-2
-109
8
-8
0
38
9
-13
0
105
2
-97
-7
0
-6
-58
-18
52
-11
-6
-29
-124
-17
68
-33
17
-16
6
-28
-108
-11
-32
-18
-99
-5
36
-4
-40
1
-22
3
-3
4
-100
3
11
3
85
-3
40
-3
94
-14
119
-6
-127
-23
104
-1
40
-21
22
3
-86
-14
24
2
-71
-7
-113
5
-122
-1
-91
11
-36
4
-66
13
106
5
97
15
-41
3
-75
17
-4
3
-38
16
23
2
-11
14
21
0
87
14
126
2
123
15
54
6
-30
15
-121
6
-87
11
-99
4
-51
10
-3
5
-22
13
124
7
-54
10
85
5
34
8
-98
2
58
9
-109
1
-37
6
122
-1
-85
2
-10
-4
114
1
65
-3
-99
2
77
-1
-51
1
71
0
69
1
18
1
49
3
-27
0
33
-1
54
-3
22
-5
112
-7
99
-3
-59
-6
45
-3
-82
-3
108
-8
-31
-3
-25
-10
20
-1
70
-8
7
1
-103
-10
-77
-2
92
-12
44
-7
-39
-10
-27
-10
32
-8
19
-9
-71
-10
-100
-11
90
-9
-58
-11
73
-6
-116
-8
-66
-6
55
-6
-124
-7
108
-7
-69
-4
-106
-4
49
4
106
4
127
10
-72
11
-29
14
21
16
-111
18
101
17
-58
18
17
15
62
14
-78
9
-28
11
41
5
-21
11
-21
2
109
10
-102
0
122
8
-95
-2
-18
5
80
-3
17
3
-113
-5
20
0
16
-7
77
0
-128
-8
-100
3
113
-6
125
4
-99
-6
11
5
113
-7
-107
5
126
-6
100
3
-67
-5
-95
-2
46
-5
86
-5
-26
-7
113
-6
94
-7
-124
-5
-110
-7
71
-1
-41
-6
-73
4
-23
-4
39
8
50
0
42
13
-60
4
64
18
121
9
-90
17
120
11
-81
13
31
10
-85
12
26
9
124
15
-58
10
13
18
-107
13
38
19
80
15
5
19
-57
16
103
17
-82
16
3
14
-60
13
-127
9
63
10
-31
6
-90
7
-10
5
-67
6
48
6
97
7
38
8
-65
8
-14
9
26
10
-75
8
-97
9
91
5
122
7
-110
3
-36
5
126
2
112
5
64
0
-43
4
27
-4
-13
2
64
-9
-115
0
-11
-13
-25
-2
16
-14
78
-3
29
-15
-99
-5
24
-14
-60
-6
-4
-13
40
-5
30
-9
41
-3
-125
-5
25
1
7
-1
-49
4
-108
0
-119
7
74
2
50
10
-119
5
-87
13
-25
8
-119
16
81
12
115
18
-106
15
125
20
-46
17
75
21
-95
18
-116
19
52
17
28
17
67
14
-88
14
-45
9
-1
11
1
6
96
9
56
5
122
8
-37
4
19
8
100
3
-48
4
13
1
58
1
1
-1
57
-2
-44
-4
94
-5
-46
-7
81
-8
-26
-10
90
-11
-12
-13
-86
-13
-98
-15
-35
-15
43
-15
-84
-16
-41
-15
-47
-16
105
-14
48
-15
28
-12
-118
-14
-65
-10
60
-11
102
-8
-52
-9
43
-7
-112
-7
-112
-7
-22
-6
99
-6
-49
-4
-55
-5
91
-1
-17
-3
-21
1
101
1
-117
3
28
5
-125
4
-126
7
99
5
-64
8
-94
5
56
10
47
6
108
10
-95
6
33
9
61
6
121
8
27
6
-31
8
-30
6
-96
8
39
6
-38
8
28
5
70
9
75
4
53
7
80
2
112
3
-19
-1
-92
2
15
-1
26
2
94
1
-71
-1
-7
1
-94
-3
-44
-1
60
-3
-63
-1
38
-1
-104
1
122
1
-99
3
94
2
-93
4
-26
1
30
5
-26
1
-50
5
-72
1
72
6
-16
1
-88
7
96
2
-121
9
-35
3
81
11
61
5
126
12
-86
4
-54
11
-87
3
72
9
25
2
71
7
-20
0
-38
6
12
2
-81
7
-105
3
-14
9
-92
2
-33
10
-109
1
-18
8
13
1
103
7
-104
0
-87
6
65
0
15
5
-123
-1
42
3
71
-1
5
2
-25
-2
-66
1
71
-1
50
2
-93
-2
-14
1
-120
-4
-33
0
93
-5
76
-1
-111
-7
106
-3
121
-8
-30
-5
121
-8
-48
-6
-20
-9
83
-7
77
-11
50
-9
-125
-14
40
-11
-92
-15
-50
-13
10
-14
59
-12
11
-14
-88
-11
-36
-15
-95
-10
-16
-15
127
-9
-28
-15
-97
-9
-55
-15
-33
-9
-79
-14
76
-7
-108
-12
105
-5
-19
-11
122
-3
102
-10
123
-2
72
-10
39
-2
58
-10
-106
-3
89
-10
-55
-4
96
-10
9
-4
-56
-10
-98
-5
-91
-9
-55
-5
101
-8
67
-4
57
-7
-4
-4
80
-6
-88
-3
17
-5
13
-2
-106
-5
53
-2
-73
-5
-17
-3
-16
-6
34
-3
75
-7
-49
-5
-117
-8
-2
-6
-109
-9
43
-6
19
-10
62
-7
110
-11
11
-7
-18
-12
126
-7
-37
-12
16
-6
-31
-12
36
-6
-126
-12
-124
-6
-83
-12
-66
-6
3
-11
-61
-6
122
-11
60
-5
-121
-10
11
-4
94
-8
84
-3
43
-6
-43
-2
125
-5
-71
-1
-74
-5
97
-1
-54
-6
-19
-3
-34
-7
61
-4
-124
-7
80
-5
-3
-7
29
-5
114
-6
92
-5
87
-6
-104
-5
119
-6
-49
-5
9
-5
-127
-4
-107
-5
21
-3
-93
-5
105
-4
125
-5
75
-5
-73
-5
-17
-6
-42
-5
10
-5
79
-4
87
-5
42
-4
106
-5
-43
-6
-111
-6
36
-6
-48
-7
121
-6
16
-6
-17
-6
68
-6
-22
-6
-1
-7
-118
-6
4
-6
106
-6
100
-6
-86
-6
-54
-6
-92
-5
-100
-5
111
-3
48
-3
-96
-2
122
-2
-83
-1
85
-1
-76
0
62
0
62
1
-7
0
-58
1
127
1
75
2
-64
1
11
3
30
2
35
4
4
3
-60
4
-73
3
-50
4
3
4
-73
4
17
4
15
5
93
4
79
5
34
5
105
5
-80
5
80
5
-23
5
-87
4
-17
5
62
4
34
6
88
3
86
6
-28
1
-30
5
-84
0
-86
4
92
-1
119
3
-82
-3
56
2
-126
-5
-128
0
-28
-7
-38
-2
-20
-8
-10
-3
-76
-9
52
-3
-71
-10
22
-4
83
-10
-93
-5
-40
-10
24
-4
-31
-9
-70
-4
43
-8
-36
-4
-65
-9
80
-4
89
-9
-88
-5
-58
-10
55
-5
58
-10
-22
-6
-89
-10
36
-5
82
-9
3
-4
-128
-9
-76
-4
-90
-9
-49
-4
-26
-9
-68
-4
94
-8
-75
-4
64
-8
105
-4
17
-8
-23
-5
-122
-8
-117
-5
-46
-8
-30
-5
37
-7
87
-4
-112
-7
123
-4
11
-6
-88
-4
119
-6
-73
-4
-16
-6
105
-4
23
-5
-17
-5
22
-5
61
-5
24
-5
-100
-6
-100
-5
107
-6
125
-4
-86
-6
-44
-4
-22
-6
22
-3
87
-5
2
-3
87
-5
118
-4
-54
-6
-29
-5
42
-6
106
-5
101
-7
3
-5
-105
-8
-47
-6
57
-8
-80
-6
-34
-9
-105
-6
-51
-9
-21
-6
100
-8
72
-5
-7
-8
-106
-5
82
-7
-49
-4
30
-6
72
-2
80
-5
51
-1
28
-4
78
0
-61
-4
-53
1
-75
-3
-105
3
44
-1
92
5
-122
0
-41
6
-97
1
58
8
-71
2
89
9
118
3
-57
9
-59
3
-103
9
-87
3
96
9
126
3
44
9
-124
3
-51
8
93
3
-38
8
68
3
71
9
-99
3
-117
9
-28
3
-101
9
-53
3
-85
9
-87
3
-101
9
-117
3
-72
9
107
3
19
10
-119
3
-103
10
36
4
-97
11
29
5
-54
12
9
6
-67
13
-31
6
65
14
53
7
-48
14
66
7
-87
15
-51
7
97
16
-115
8
-127
16
14
9
-68
16
-96
9
84
17
-111
10
-51
17
-110
11
-7
17
56
12
-57
17
-111
12
-121
17
-124
12
123
17
80
12
12
17
37
12
-100
16
-2
11
111
16
-21
11
104
16
-8
11
-37
15
-99
11
15
15
-13
10
-86
14
100
10
67
14
-50
9
-99
13
-40
8
-87
12
-93
7
-84
11
59
6
-98
10
9
5
-115
9
-48
3
-51
8
-46
2
13
8
11
2
47
7
44
1
14
6
65
0
-35
4
82
-1
-35
3
-88
-2
11
3
14
-2
50
2
99
-3
102
1
-50
-4
-40
0
-99
-4
89
0
106
-4
-11
-1
40
-4
-76
-1
30
-4
44
-1
3
-4
1
-1
-23
-5
14
-1
-10
-5
52
-1
-17
-5
91
-1
-16
-5
102
-1
-30
-5
-128
-1
-48
-5
-116
-1
-49
-5
79
-1
-80
-5
13
-1
-123
-5
20
-1
93
-5
-57
-2
29
-5
58
-2
118
-6
-112
-3
-66
-7
-43
-4
0
-7
29
-4
93
-8
-94
-5
39
-8
-91
-5
11
-8
118
-5
25
-8
93
-5
70
-8
86
-5
108
-8
35
-5
-103
-8
16
-5
-73
-8
87
-5
31
-7
-73
-5
4
-6
34
-4
4
-5
-69
-4
47
-4
86
-3
99
-3
-75
-3
72
-2
33
-2
25
-1
-88
-2
19
0
64
-1
-19
0
-32
-1
115
1
90
0
-14
1
-64
0
42
2
-40
0
50
2
-70
0
6
2
-26
0
-15
1
-26
0
-8
1
-84
0
-65
1
114
0
83
1
116
0
-14
0
-115
0
-72
0
-128
0
121
0
120
0
65
0
-128
0
39
0
-104
0
76
0
-94
0
103
0
-122
0
56
0
126
0
13
0
-82
0
6
0
-45
0
-6
-1
-8
0
7
0
-20
0
12
0
-65
0
6
0
-77
0
20
0
-71
0
51
0
-90
0
78
0
-40
0
114
0
57
1
-69
0
-103
1
30
1
-39
1
76
1
5
2
83
1
42
2
69
1
64
2
52
1
100
2
50
1
-9
2
88
1
101
3
-111
1
-93
3
-72
1
-46
3
-71
1
-3
3
-39
1
67
4
-8
1
110
4
-20
1
-85
4
-16
1
-23
4
51
2
36
5
76
2
52
5
100
2
81
5
-116
2
-127
5
-74
2
-73
5
-27
2
-63
5
-22
2
-119
5
-38
2
54
5
-79
2
-41
4
93
2
49
4
-13
1
-105
3
-123
1
-9
2
37
1
88
2
-77
0
-72
1
76
0
57
1
6
0
-84
0
-63
-1
-14
-1
84
-1
92
-1
-44
-2
25
-1
-102
-2
-50
-2
-121
-2
103
-2
79
-2
-17
-3
58
-2
117
-3
90
-2
20
-3
72
-2
-124
-4
-5
-3
-61
-5
-94
-3
67
-5
72
-3
-34
-6
23
-3
-119
-6
-5
-4
38
-6
-48
-4
-55
-7
-120
-4
88
-7
34
-4
-26
-8
-42
-5
-79
-8
-68
-5
-104
-8
125
-5
108
-8
112
-5
114
-8
62
-5
126
-8
36
-5
101
-8
22
-5
57
-8
-29
-6
37
-8
-67
-6
44
-8
-60
-6
44
-8
22
-5
11
-8
49
-5
-14
-9
29
-5
-51
-9
-30
-6
-91
-9
-73
-6
-103
-9
-87
-6
-101
-9
-104
-6
-117
-9
-99
-6
-128
-9
-72
-6
109
-9
-55
-6
94
-9
-34
-6
-128
-9
-10
-6
-97
-9
24
-5
-44
-9
80
-5
62
-8
-94
-5
-58
-8
3
-4
88
-7
92
-4
-15
-7
-56
-4
124
-6
36
-3
-35
-6
103
-3
81
-5
-75
-3
-5
-5
45
-2
-68
-4
-57
-2
111
-3
72
-1
-37
-3
-115
-1
46
-2
-77
-1
-120
-2
-6
-1
-37
-2
70
0
57
-1
-84
0
-115
-1
31
1
-63
-1
96
1
13
0
-122
1
109
0
-78
1
-45
0
-27
1
89
1
69
2
-47
1
-98
2
-20
1
-72
2
-22
1
-72
2
-2
1
-59
2
51
2
-16
2
82
2
17
3
94
2
38
3
119
2
30
3
-123
2
-9
2
-90
2
-34
2
-79
2
-71
2
-93
2
-111
2
-128
2
101
2
125
2
74
2
-103
2
94
2
-71
2
-92
2
-22
2
-2
2
29
3
95
3
100
3
-94
3
-85
3
-9
3
-48
3
68
4
-46
3
54
4
-80
3
62
4
-85
3
93
4
-67
3
-125
4
-48
3
-106
4
-22
3
-118
4
-10
3
118
4
10
4
119
4
-16
3
73
4
-104
3
-28
3
62
3
106
3
-3
2
24
3
-117
2
-79
2
-1
1
44
2
