0.0514987
0.0530243
0.0545406
0.0558639
0.0575299
0.0590067
0.0604513
0.0622013
0.0639112
0.0654511
0.0671968
0.0689542
0.0704782
0.0721803
0.0738935
0.0755894
0.0774443
0.0792441
0.0809989
0.0827477
0.0845006
0.0862319
0.0879056
0.0897818
0.0916655
0.0932415
0.0953112
0.0970957
0.0988469
0.100547
0.102165
0.103932
0.105946
0.107629
0.109578
0.111421
0.11318
0.115076
0.116841
0.118747
0.120579
0.122405
0.124232
0.126245
0.127793
0.129722
0.131935
0.133989
0.135881
0.137975
0.140136
0.14217
0.1442
0.146416
0.148826
0.15083
0.152976
0.155574
0.158107
0.160479
0.162961
0.165395
0.168261
0.170952
0.173743
0.176527
0.178994
0.182196
0.184908
0.188013
0.191203
0.194173
0.197203
0.200152
0.203321
0.206619
0.21002
0.212872
0.216095
0.219227
0.222776
0.225775
0.228939
0.232132
0.235273
0.238159
0.241201
0.244336
0.247196
0.249887
0.252507
0.255232
0.257812
0.260169
0.262513
0.264778
0.266811
0.268721
0.27066
0.272444
0.27372
0.275189
0.276374
0.277362
0.27814
0.278784
0.279262
0.279638
0.279886
0.279627
0.279436
0.278739
0.278231
0.277287
0.275903
0.274706
0.273056
0.271427
0.269386
0.26723
0.265014
0.262419
0.259629
0.256766
0.253941
0.250696
0.247257
0.243722
0.240216
0.236478
0.232562
0.228755
0.224776
0.220636
0.216795
0.212687
0.208437
0.204205
0.200212
0.195901
0.191983
0.187698
0.183591
0.179569
0.175674
0.171934
0.168055
0.16457
0.161041
0.1576
0.154465
0.150989
0.148343
0.145304
0.142547
0.140115
0.137645
0.135573
0.133484
0.131381
0.129984
0.1285
0.127142
0.126064
0.12513
0.124435
0.12374
0.123452
0.123404
0.123625
0.123651
0.123871
0.124527
0.125132
0.125782
0.126683
0.127734
0.129004
0.130207
0.131201
0.132899
0.134293
0.135749
0.137255
0.138832
0.140395
0.142087
0.143758
0.145418
0.1469
0.148354
0.149942
0.150941
0.152418
0.153436
0.15448
0.155482
0.156342
0.157082
0.15778
0.158146
0.158314
0.158457
0.158554
0.158208
0.157976
0.157328
0.156598
0.155762
0.154612
0.153203
0.151628
0.150304
0.14841
0.146353
0.144013
0.141739
0.139201
0.136408
0.133614
0.130568
0.127508
0.124164
0.120636
0.117176
0.113446
0.109677
0.105798
0.101817
0.0978074
0.0936413
0.0894804
0.0852749
0.0811145
0.0770953
0.0728297
0.0685911
0.0644455
0.0603755
0.0562119
0.052243
0.0480905
0.0441566
0.0405934
0.0366731
0.0331039
0.0296168
0.0261405
0.0228391
0.0197308
0.0164468
0.0135331
0.0109105
0.00821829
0.00570703
0.0034852
0.00142574
-0.000700235
-0.00276017
-0.00456858
-0.00618911
-0.00771284
-0.00909781
-0.0103626
-0.0114167
-0.0124409
-0.0132437
-0.0138328
-0.0146139
-0.0151956
-0.0156407
-0.0159574
-0.0163333
-0.0166216
-0.0166404
-0.0167601
-0.01684
-0.0166571
-0.0166504
-0.0167019
-0.016356
-0.0161605
-0.016315
-0.0161829
-0.0158758
-0.015857
-0.0158024
-0.0154769
-0.015538
-0.0155437
-0.0156212
-0.0158074
-0.015969
-0.0162473
-0.016794
-0.0170534
-0.0178144
-0.0183535
-0.0189643
-0.020123
-0.0209434
-0.0217545
-0.0229669
-0.0243013
-0.0257645
-0.0272086
-0.028841
-0.0306308
-0.0321977
-0.0343714
-0.0363412
-0.0384917
-0.0409031
-0.0431495
-0.0455873
-0.0480576
-0.0507867
-0.0534019
-0.0563099
-0.05898
-0.0621541
-0.0649562
-0.0682187
-0.0711153
-0.074115
-0.0772316
-0.080447
-0.0836999
-0.0869086
-0.0903749
-0.093363
-0.0965018
-0.0997226
-0.102942
-0.106184
-0.109283
-0.112289
-0.115461
-0.1186
-0.121639
-0.124412
-0.127512
-0.130183
-0.133031
-0.135753
-0.138432
-0.141104
-0.14377
-0.146064
-0.148273
-0.15047
-0.152649
-0.154624
-0.156469
-0.158403
-0.160021
-0.16169
-0.162957
-0.164347
-0.16562
-0.166648
-0.167504
-0.168044
-0.168948
-0.169567
-0.170012
-0.170152
-0.170432
-0.170367
-0.170073
-0.169943
-0.169331
-0.168671
-0.167992
-0.166887
-0.166087
-0.164946
-0.163609
-0.162348
-0.160496
-0.158842
-0.156842
-0.155071
-0.152728
-0.150454
-0.147979
-0.145392
-0.142826
-0.139925
-0.136955
-0.133906
-0.130509
-0.127154
-0.123638
-0.120071
-0.116301
-0.112345
-0.10829
-0.104166
-0.099946
-0.0955336
-0.0911126
-0.0866067
-0.0822253
-0.0773718
-0.0726268
-0.0677557
-0.0629599
-0.0581121
-0.0531366
-0.0479157
-0.043098
-0.0379536
-0.0328903
-0.0279317
-0.0229099
-0.0180671
-0.0127749
-0.00808239
-0.00316548
0.0017662
0.00678468
0.0113299
0.0160246
0.020649
0.0250711
0.0296428
0.033937
0.0383179
0.0425391
0.046355
0.0505271
0.0544045
0.0580862
0.0615675
0.0649827
0.0685906
0.071595
0.0746417
0.0775113
0.0800834
0.0827479
0.0853503
0.0876577
0.0896711
0.0915055
0.0932522
0.0948222
0.0964975
0.0977118
0.098783
0.0996807
0.100507
0.101164
0.101731
0.101841
0.10236
0.102241
0.102023
0.101965
0.101394
0.101086
0.100321
0.0996442
0.0988333
0.0980027
0.0970073
0.0958757
0.0943139
0.0932178
0.091996
0.0903363
0.0889354
0.0873394
0.0858152
0.0838342
0.0824149
0.0807705
0.0790179
0.0773792
0.0753303
0.073478
0.0720031
0.07008
0.0682714
0.0665119
0.0647924
0.0631986
0.061096
0.059777
0.0577617
0.0561271
0.054471
0.0529952
0.0515668
0.0500729
0.0486748
0.04737
0.0461252
0.0449777
0.0439053
0.0428898
0.0419772
0.0410204
0.0402617
0.0394955
0.0390086
0.0382519
0.0378902
0.0373802
0.0372474
0.0372088
0.0368404
0.03705
0.0371273
0.037251
0.0373557
0.0377142
0.0381179
0.0384538
0.0389562
0.0395484
0.0403078
0.0409226
0.0418177
0.0425608
0.0434153
0.0446358
0.0455315
0.0467446
0.0477569
0.0487883
0.0503235
0.051497
0.0528176
0.0541422
0.0554645
0.0570161
0.058377
0.0601332
0.0613236
0.0630834
0.0646291
0.0660317
0.0675828
0.069195
0.0707166
0.0726159
0.074002
0.0756001
0.0772269
0.0791099
0.0807145
0.0825887
0.0840027
0.0858216
0.0875592
0.0892439
0.0909717
0.092783
0.0944061
0.0960107
0.097744
0.0995822
0.101185
0.102909
0.10472
0.10611
0.107927
0.109544
0.111421
0.11317
0.114953
0.116699
0.11853
0.120265
0.122173
0.124051
0.125875
0.127765
0.129799
0.131658
0.133863
0.135796
0.138096
0.140237
0.142534
0.14473
0.146904
0.14957
0.152039
0.154434
0.157186
0.159634
0.162304
0.165032
0.167852
0.170795
0.173549
0.176585
0.179451
0.182372
0.185437
0.18847
0.191849
0.19491
0.198038
0.201002
0.204359
0.207661
0.210752
0.21409
0.217335
0.220541
0.223793
0.227105
0.230244
0.233325
0.23663
0.239694
0.242651
0.245706
0.248665
0.251359
0.254054
0.256855
0.259282
0.261957
0.264261
0.266451
0.268436
0.270228
0.272118
0.273633
0.275249
0.276458
0.277374
0.278387
0.279049
0.279577
0.279852
0.280024
0.279864
0.279373
0.278832
0.277929
0.2771
0.276102
0.274593
0.273006
0.271168
0.269249
0.267308
0.264908
0.26236
0.259451
0.25676
0.253623
0.250521
0.247349
0.244073
0.24055
0.236927
0.23315
0.229306
0.22547
0.221669
0.217567
0.213448
0.209431
0.205358
0.201043
0.197093
0.192892
0.188838
0.184901
0.180755
0.177126
0.173309
0.16967
0.165645
0.162179
0.158952
0.155762
0.152767
0.149564
0.146771
0.144224
0.141505
0.139331
0.137114
0.13518
0.13345
0.131936
0.130591
0.129017
0.12813
0.127224
0.126722
0.125952
0.125622
0.125632
0.125338
0.125682
0.126118
0.126623
0.127253
0.127966
0.12882
0.129747
0.130842
0.131982
0.133445
0.134375
0.1359
0.137542
0.139062
0.140491
0.141871
0.143548
0.144949
0.146315
0.147637
0.149292
0.150615
0.151798
0.153079
0.154046
0.155051
0.155928
0.156845
0.157339
0.157966
0.158364
0.158713
0.158913
0.158653
0.158552
0.158172
0.157592
0.156778
0.155931
0.154874
0.15347
0.152144
0.150583
0.148752
0.146567
0.14458
0.142316
0.13966
0.137152
0.134102
0.131065
0.128137
0.124685
0.12121
0.117697
0.114077
0.110282
0.106698
0.102665
0.0986898
0.0948265
0.0904257
0.0864949
0.0822265
0.0781775
0.0741024
0.0698946
0.0659592
0.0615897
0.0576549
0.0537753
0.0497208
0.0458555
0.0424478
0.0387802
0.0350032
0.0318487
0.0283775
0.0253952
0.0221672
0.0190909
0.0163801
0.0136747
0.0111935
0.00881767
0.00627732
0.00409412
0.00204945
0.000136137
-0.00148273
-0.00290275
-0.00448442
-0.00568891
-0.00700307
-0.00804281
-0.00912547
-0.00992346
-0.0107923
-0.0116477
-0.0119586
-0.0124965
-0.012882
-0.0130856
-0.0133231
-0.0135431
-0.0134754
-0.0133703
-0.0134935
-0.0133374
-0.0130019
-0.0131633
-0.0129235
-0.0126812
-0.0126677
-0.0122747
-0.0122538
-0.0122941
-0.0121629
-0.0120552
-0.0123558
-0.0124826
-0.0125682
-0.0129819
-0.013166
-0.0135949
-0.0140736
-0.0145991
-0.0155985
-0.0162573
-0.0170348
-0.0184045
-0.0192909
-0.0204911
-0.0218933
-0.0234137
-0.0250058
-0.02653
-0.0282755
-0.0303304
-0.0318768
-0.0342369
-0.036576
-0.0386987
-0.0411065
-0.0434208
-0.0459921
-0.0483189
-0.0513005
-0.0539691
-0.0568171
-0.0595381
-0.0625832
-0.0655069
-0.0684853
-0.071609
-0.0748818
-0.077822
-0.0809634
-0.0842724
-0.0874422
-0.0906916
-0.093842
-0.097271
-0.100415
-0.103817
-0.106799
-0.110064
-0.113171
-0.116351
-0.119347
-0.122371
-0.125296
-0.128228
-0.13112
-0.133927
-0.136485
-0.139083
-0.141645
-0.144056
-0.146521
-0.148498
-0.150645
-0.152937
-0.154591
-0.156481
-0.158204
-0.159787
-0.161433
-0.16253
-0.163877
-0.164989
-0.166251
-0.16698
-0.168085
-0.168468
-0.168962
-0.169485
-0.169625
-0.169911
-0.169691
-0.169705
-0.16927
-0.168893
-0.168216
-0.167838
-0.16668
-0.165855
-0.164597
-0.163435
-0.162107
-0.160332
-0.158659
-0.156803
-0.154668
-0.152401
-0.150214
-0.147657
-0.145092
-0.142323
-0.139524
-0.136439
-0.133201
-0.129915
-0.126441
-0.122931
-0.119227
-0.115335
-0.111421
-0.107486
-0.103242
-0.0990462
-0.0947576
-0.0902832
-0.0858333
-0.0810866
-0.0764494
-0.0717249
-0.0669775
-0.0622046
-0.0573347
-0.052423
-0.0472834
-0.0422952
-0.0373859
-0.0325449
-0.0271921
-0.0223362
-0.0173876
-0.0123472
-0.00741029
-0.00242805
0.00225616
0.00723743
0.0117838
0.0168478
0.021008
0.0256176
0.0300603
0.0345685
0.0386934
0.0428047
0.0467777
0.0507736
0.0546622
0.0582027
0.0617347
0.0652587
0.0685501
0.0715191
0.0745609
0.0771399
0.0798388
0.0824304
0.0845895
0.0867634
0.088784
0.090709
0.092509
0.0938301
0.0952229
0.0963368
0.0975039
0.0983903
0.0989299
0.0993078
0.0999701
0.10025
0.100254
0.100409
0.100203
0.0999572
0.0995975
0.0991986
0.0983729
0.0978391
0.0968843
0.0959077
0.0949473
0.0938973
0.0928166
0.0913954
0.0901105
0.0885327
0.0872378
0.0856237
0.0842993
0.0826669
0.0810807
0.0793502
0.07763
0.0760045
0.074101
0.0725179
0.0707719
0.0689309
0.0672271
0.0654185
0.0637124
0.061902
0.0601168
0.0587673
0.0570247
0.0554531
0.0540125
0.0524666
0.051146
0.0496843
0.0483115
0.0472407
0.0458643
0.0447826
0.0437765
0.0428004
0.0422251
0.0414608
0.040622
0.0399976
0.0395112
0.038959
0.0386655
0.0386398
0.0384328
0.0382128
0.0380323
0.0381062
0.0381212
0.038373
0.038377
0.0387902
0.0393054
0.0396357
0.0401523
0.0406682
0.0413301
0.0421011
0.042707
0.043566
0.0444312
0.0453689
0.0463643
0.0472665
0.0483348
0.0495136
0.0507357
0.0517075
0.0532334
0.0545421
0.0558863
0.0573163
0.0586522
0.0600553
0.0614178
0.0628998
0.064436
0.065994
0.0675938
0.0689046
0.070591
0.0721242
0.0738747
0.0755105
0.0769176
0.0785756
0.0802336
0.0818279
0.0833073
0.0849233
0.0864027
0.088217
0.0897446
0.0911808
0.0930386
0.0945532
0.0960772
0.0978189
0.0993698
0.100953
0.102647
0.10427
0.105874
0.107624
0.109341
0.110947
0.112927
0.114531
0.116417
0.118251
0.120248
0.122049
0.123919
0.126176
0.128176
0.130063
0.132305
0.13439
0.136647
0.13899
0.141026
0.143668
0.146115
0.148736
0.151005
0.153688
0.156296
0.159052
0.161666
0.164523
0.167411
0.170223
0.173152
0.176203
0.179148
0.182279
0.185515
0.18845
0.191875
0.195014
0.19829
0.201834
0.205245
0.208274
0.211737
0.215023
0.218574
0.22208
0.225248
0.228614
0.231653
0.234903
0.238149
0.241223
0.244355
0.247371
0.250284
0.252918
0.255635
0.258057
0.260785
0.263024
0.265318
0.267224
0.269125
0.271055
0.272501
0.274142
0.275425
0.276293
0.277351
0.278003
0.278551
0.278777
0.279078
0.279132
0.278642
0.27808
0.277328
0.276503
0.275326
0.274111
0.272624
0.270896
0.26918
0.267076
0.264664
0.26248
0.259971
0.257255
0.254147
0.25117
0.247915
0.244611
0.241172
0.237361
0.234031
0.230322
0.226355
0.222526
0.218523
0.214586
0.210472
0.206556
0.202436
0.198251
0.194174
0.190186
0.186309
0.182588
0.178606
0.174742
0.17102
0.167383
0.164002
0.160436
0.157411
0.154346
0.151302
0.148485
0.145979
0.143386
0.141156
0.139098
0.137083
0.135413
0.133713
0.132264
0.131199
0.130026
0.12938
0.128491
0.128129
0.127729
0.127474
0.127551
0.12774
0.12776
0.128324
0.129073
0.129691
0.130684
0.131495
0.13218
0.133423
0.134591
0.135942
0.137118
0.138438
0.139863
0.141302
0.142884
0.144288
0.145606
0.147082
0.14856
0.149868
0.150933
0.152165
0.153416
0.154542
0.15543
0.156402
0.157241
0.157839
0.158565
0.158829
0.15913
0.159267
0.159119
0.159156
0.158662
0.15789
0.157227
0.156383
0.155027
0.15404
0.152215
0.150732
0.148895
0.146693
0.144597
0.14213
0.139557
0.136864
0.133959
0.130839
0.127945
0.124758
0.121327
0.117772
0.114205
0.110359
0.10675
0.102874
0.0988843
0.0950089
0.0910752
0.0871038
0.0829875
0.0790184
0.0749223
0.0709138
0.0671518
0.0632756
0.0591516
0.0553951
0.0515161
0.047894
0.0442293
0.0407209
0.0372293
0.0337193
0.0305495
0.0274034
0.0244899
0.0215492
0.0187871
0.0163767
0.0135443
0.0111463
0.00888705
0.00673652
0.00487256
0.00290847
0.00106907
-0.000319004
-0.00179529
-0.00296116
-0.00427437
-0.00537515
-0.00620461
-0.00704575
-0.00759506
-0.00819993
-0.0086987
-0.00883842
-0.00916362
-0.00946355
-0.00962329
-0.00942397
-0.00969911
-0.00964689
-0.00953603
-0.00951934
-0.00938034
-0.00935769
-0.00917673
-0.00913382
-0.00881934
-0.00891161
-0.00887156
-0.00875878
-0.00870824
-0.00891161
-0.00913811
-0.00921798
-0.00969911
-0.00985503
-0.0104127
-0.0105913
-0.0113461
-0.0120115
-0.0127769
-0.0136697
-0.0145431
-0.0155997
-0.0166399
-0.0178318
-0.0193493
-0.0207086
-0.0221703
-0.0238297
-0.0255461
-0.0274608
-0.0292068
-0.0313809
-0.0336211
-0.0358732
-0.0383394
-0.0405302
-0.0431604
-0.0456192
-0.0482204
-0.0510359
-0.0539167
-0.0567217
-0.0598571
-0.0628066
-0.0656462
-0.0687251
-0.0719192
-0.074975
-0.0781164
-0.0813725
-0.0847433
-0.0879602
-0.0911105
-0.0945368
-0.0974257
-0.100839
-0.104015
-0.107051
-0.110227
-0.113207
-0.116408
-0.119164
-0.122167
-0.124984
-0.127849
-0.130621
-0.133219
-0.136009
-0.138494
-0.140975
-0.143357
-0.145605
-0.147896
-0.149949
-0.15187
-0.153815
-0.155648
-0.157427
-0.158885
-0.16054
-0.162063
-0.16332
-0.16431
-0.165385
-0.166336
-0.167134
-0.167707
-0.168413
-0.168812
-0.169146
-0.1693
-0.169331
-0.169336
-0.169104
-0.168789
-0.168387
-0.167633
-0.166677
-0.165925
-0.164865
-0.163697
-0.162271
-0.160729
-0.158989
-0.156945
-0.155132
-0.152794
-0.150833
-0.148142
-0.145724
-0.142926
-0.140123
-0.136944
-0.13361
-0.130564
-0.127094
-0.123473
-0.11972
-0.115907
-0.111766
-0.107935
-0.103644
-0.0996938
-0.095304
-0.0907302
-0.0862138
-0.0817387
-0.0770032
-0.0721245
-0.0674384
-0.0625172
-0.0575337
-0.0527873
-0.0478506
-0.0427639
-0.0377238
-0.032654
-0.0277107
-0.0226607
-0.017544
-0.0127909
-0.00752902
-0.00264502
0.00204062
0.00709176
0.0117428
0.0166521
0.0212328
0.0256953
0.0300715
0.034452
0.0386498
0.0427823
0.0468667
0.0507269
0.054317
0.0579517
0.0613284
0.0647581
0.0676467
0.0709205
0.0736115
0.0763271
0.0787325
0.0812628
0.0835414
0.0855403
0.0875895
0.0891171
0.0908253
0.0920208
0.0933621
0.0944455
0.0953906
0.0964441
0.0970306
0.0978103
0.0981302
0.0983064
0.0986459
0.0985632
0.0984652
0.0982342
0.0979381
0.0975199
0.0968709
0.0959797
0.095202
0.0943282
0.0933537
0.0925307
0.0912175
0.0899806
0.0884492
0.0870359
0.0855837
0.0842721
0.0825903
0.0810833
0.079448
0.0778239
0.0761728
0.0745101
0.0728168
0.0711818
0.0695808
0.0676634
0.0660598
0.0644431
0.0628486
0.0613415
0.0597107
0.0581169
0.0567379
0.0552847
0.0540833
0.0525928
0.0512998
0.0499306
0.0488739
0.0478027
0.046627
0.0458002
0.0449994
0.0440423
0.0431569
0.042387
0.0419126
0.041183
0.0406704
0.0402527
0.0398991
0.0396283
0.0393968
0.0392978
0.0391164
0.0391159
0.0392137
0.0393956
0.0396762
0.0396788
0.0403066
0.0406466
0.0409935
0.0416281
0.0422196
0.0429311
0.0437474
0.0444536
0.0453866
0.0463116
0.0469952
0.0482192
0.0490024
0.0500784
0.0514367
0.0524838
0.0537281
0.0550478
0.0562923
0.0575664
0.0589333
0.0602808
0.0615623
0.0628841
0.0643191
0.0655396
0.067035
0.0687001
0.0698938
0.0715039
0.0727837
0.0744562
0.0759227
0.0772521
0.0786972
0.0803142
0.0818317
0.0831957
0.0848739
0.0863085
0.0878019
0.0892584
0.0909307
0.0925832
0.0941222
0.0955186
0.0970824
0.0987792
0.100364
0.102055
0.10365
0.105408
0.10712
0.108929
0.110511
0.112382
0.114259
0.116189
0.11807
0.119947
0.1219
0.123833
0.126097
0.127949
0.130337
0.132442
0.13498
0.136973
0.139521
0.141802
0.14438
0.147092
0.149441
0.152394
0.15496
0.157623
0.160594
0.16347
0.166182
0.169185
0.172257
0.175302
0.178478
0.181555
0.184953
0.188321
0.191391
0.194983
0.198409
0.201902
0.205287
0.20868
0.212219
0.215632
0.219062
0.222469
0.22585
0.229276
0.232599
0.235779
0.238972
0.242166
0.245064
0.248055
0.251066
0.253851
0.256434
0.259036
0.261484
0.263788
0.265811
0.267808
0.26966
0.271411
0.27273
0.27421
0.275367
0.27633
0.277161
0.277864
0.278294
0.278562
0.278679
0.278364
0.277951
0.27747
0.276588
0.275759
0.274526
0.273117
0.271658
0.269739
0.267943
0.265883
0.263375
0.26092
0.258112
0.255227
0.25247
0.249154
0.24586
0.242468
0.238944
0.235368
0.231547
0.227803
0.223723
0.219901
0.215954
0.211835
0.208137
0.203974
0.199828
0.195951
0.191994
0.187683
0.184094
0.180257
0.17654
0.172815
0.169243
0.165923
0.162523
0.159574
0.156214
0.153606
0.150771
0.148044
0.145823
0.143359
0.141478
0.139647
0.137675
0.136156
0.134784
0.133518
0.132438
0.131549
0.1308
0.130181
0.129773
0.129608
0.129511
0.129581
0.129933
0.130216
0.130797
0.131427
0.132099
0.132917
0.133866
0.134945
0.13623
0.137258
0.138653
0.139904
0.141529
0.142888
0.144058
0.145686
0.14707
0.148542
0.149851
0.151327
0.152496
0.153595
0.154904
0.155828
0.156617
0.1577
0.158144
0.158813
0.159176
0.159542
0.159642
0.159724
0.159636
0.159331
0.158844
0.158058
0.157401
0.156313
0.155058
0.153818
0.152134
0.150511
0.148583
0.146575
0.144382
0.142172
0.13968
0.136947
0.133879
0.130999
0.127938
0.124688
0.121326
0.117839
0.114207
0.110386
0.106744
0.102996
0.0991724
0.0952744
0.091397
0.0874398
0.0836058
0.0795984
0.0754604
0.0715306
0.0676203
0.0636811
0.0598915
0.0561154
0.0522382
0.0485456
0.0450389
0.0416322
0.0382156
0.0348282
0.0317123
0.028352
0.0254645
0.0225992
0.0200417
0.0175924
0.0149944
0.0124593
0.0106606
0.00857854
0.00653768
0.00496483
0.00315166
0.00179601
0.000588417
-0.000706434
-0.00176239
-0.00278997
-0.00353694
-0.0043323
-0.00478411
-0.00537944
-0.00580359
-0.00614381
-0.00651908
-0.00691843
-0.00680876
-0.00694942
-0.00697064
-0.00688624
-0.00710344
-0.00670505
-0.00691676
-0.0065701
-0.00669789
-0.00636411
-0.0065527
-0.00666547
-0.00646591
-0.00667
-0.00646138
-0.00683761
-0.00675082
-0.00699353
-0.00727797
-0.00767469
-0.00834179
-0.00886273
-0.0093658
-0.010025
-0.0108116
-0.0114524
-0.0123708
-0.013557
-0.0147223
-0.0158448
-0.0172033
-0.0186467
-0.0202487
-0.0218925
-0.0235448
-0.0253258
-0.0273347
-0.029392
-0.0314202
-0.0336308
-0.0362484
-0.0382254
-0.0406585
-0.0434434
-0.0460677
-0.0486608
-0.0514061
-0.0543838
-0.0572717
-0.0600734
-0.0630767
-0.0660493
-0.0692713
-0.0722971
-0.0754781
-0.0784056
-0.0814815
-0.0847275
-0.0878074
-0.0910854
-0.0941217
-0.0971489
-0.10007
-0.103127
-0.106296
-0.109274
-0.112088
-0.11499
-0.118021
-0.12071
-0.123572
-0.126263
-0.129056
-0.131536
-0.134192
-0.136652
-0.139129
-0.141454
-0.143712
-0.14607
-0.147928
-0.149855
-0.152022
-0.153739
-0.155662
-0.157416
-0.159079
-0.16029
-0.161683
-0.163242
-0.164142
-0.165074
-0.166112
-0.166803
-0.167328
-0.168234
-0.168388
-0.168519
-0.168596
-0.168454
-0.168076
-0.167963
-0.167458
-0.166639
-0.165926
-0.165051
-0.163848
-0.162595
-0.161161
-0.15957
-0.157992
-0.156008
-0.154168
-0.151968
-0.149631
-0.146981
-0.144561
-0.141906
-0.139143
-0.135807
-0.132876
-0.129467
-0.126104
-0.122489
-0.118664
-0.11509
-0.111147
-0.107247
-0.102974
-0.0986736
-0.0942318
-0.0897205
-0.0850582
-0.0805726
-0.0760562
-0.0711515
-0.0664186
-0.0614653
-0.0561686
-0.0516591
-0.0466206
-0.0412829
-0.0362833
-0.0313764
-0.0263627
-0.0213759
-0.0163434
-0.0114408
-0.00639129
-0.00171661
0.00315213
0.00801468
0.0124729
0.0171816
0.0215421
0.0259826
0.0304282
0.0346873
0.0386667
0.0425351
0.046581
0.0502703
0.0539014
0.0573218
0.0606163
0.0637424
0.0666883
0.0695992
0.0724585
0.0748982
0.0772593
0.0796821
0.0817337
0.0838177
0.0856373
0.0872564
